	1	2	3	4	5	6	7	8	9	10	11	12	13	14	15	16	17	18	19	20	21	22	23	24	25	26	27	28	29	30	31	32	33	34	35	36	37	38	39	40	41	42	43	44	45	46	47	48	49	50	51	52	53	54	55	56	57	58	59	60	61	62	63	64	65	66	67	68	69	70	71	72
1	0	232606	77306.5	54356.3	68622.9	63299	54397	122677.5	36691.7	39016.7	34186.2	73891.3	71568.9	88365.6	79741.2	35820.5	23269.7	87314.9	35052	27142.1	106558.1	54144.5	25179.1	117182.4	46831.8	46750.5	71335.9	35224.5	46081.9	33547	40461.4	47448.2	72085	18560.4	111562.4	33382.1	78225.7	55445.1	18903.6	34346.9	67510.4	60906.4	45724.5	38003.1	35455	95440.2	103164	33818.7	106729.7	25798.7	80415.8	33664.4	33881.3	42305.9	59233.2	48224	64084	36080.2	38936.6	44843.9	83430.9	15585.4	76598.2	32902.7	56723.9	70739.2	47840.8	21587.2	26076.9	48104.6	34281	50388.1
2	232977.1	0	268917.6	179687.3	264956.7	185330.3	194275.8	283528.5	197228.2	194708.3	209968.9	229436.9	177643.5	275391.2	249053.1	250574.5	210676.1	245932.8	198870.6	206474.5	303269.8	220323.9	236370.4	280202.2	262977.6	186768.8	239979.3	198417.2	226098	219102.7	194629.6	233239.7	247036.9	239610.3	275514	204698.8	191599.4	194044.9	214653.2	199478.4	256534.8	229927.9	234273.7	195736.9	198688.7	292151.9	263873.8	200845.6	272648.6	233734.8	176228.7	199989.9	200203.2	232184.7	210329.6	185999.8	211870.2	197532.5	259946.5	237368.7	165685	232350.5	174093.3	212482.6	238006.7	207862.4	192801.1	243426.9	241091.4	195231.8	207562.6	215922.6
3	77569.9	268322.1	0	103691.7	9606.4	85702.7	122046.3	60766.4	106246.2	106666	109299.9	41670.7	139218.2	13017.4	31632.3	43618.3	77483.5	41288.5	105991.7	79532.7	35586.9	130635.1	100508.9	55783.8	45262.5	111149.4	30607.6	106164.2	44347.6	110037.6	106472.8	123770.3	23974.9	61604.6	49469.2	104321.8	150817.7	123094.4	96072.2	105286.6	14140	41574.5	121286.1	105652.4	106394.7	24469	54588.3	104758.4	43946.2	102414.5	148065.1	104604.1	104821	118538.7	134580.2	111535.4	140574.6	106037.7	54961.1	117486.4	150836.6	92076	135210.6	109393.3	31323.6	61426.2	105608.1	91499.1	95988.8	115753.9	96968.8	54884.5
4	53989.7	178957.4	103635.6	0	98692.7	23875.7	36852.1	123599.9	32556.1	30036.2	45296.8	69508.3	41164.8	115462.6	89124.5	73964	31688.7	86004.2	34198.5	27487.1	137987.8	73545.8	71698.3	120273.6	85989.7	21953.5	80050.7	33745.1	59503.8	54430.6	29957.5	70810.1	87108.3	60622.9	115585.4	40026.7	69421.6	37900.2	47121.7	34806.3	91252.8	66080.1	69601.6	31064.8	34016.6	126869.9	103945.2	36173.5	112720	69062.7	54050.9	35317.8	34896.5	67512.6	56337.5	20875.4	64017.1	32860.4	80959.1	72696.6	48332.3	64819	32706.3	47810.5	72582.1	47933.8	27676.7	74826.3	76419.3	30559.7	30709.9	49328.4
5	68729.7	264218.9	9557.7	98664.4	0	81599.5	117019	66931.5	101218.9	101638.7	101836.6	37567.5	134190.9	20616.8	30715.2	35568	72148.2	40371.4	100656.4	74197.4	42317.5	121794.9	92458.6	61699	38539.4	106122.1	26504.4	100828.9	39459.9	101197.4	101445.5	115098.6	19871.7	53554.3	55623.6	98986.5	145876.1	118067.1	87232	99951.3	8989.1	37471.3	113235.8	100625.1	101059.4	31199.6	53671.2	99423.1	50321.8	93449.1	143037.8	99268.8	99485.7	110488.4	126883.6	106508.1	131734.4	101010.4	48238	109436.1	145809.3	83235.8	130183.3	100553.1	27220.4	57323	100580.8	83448.8	87938.5	110726.6	91633.5	49857.2
6	63493.6	184551.4	85566.5	24156.7	81605.6	0	59821.4	100177.4	53882.4	53005.5	65216	46085.8	62750.7	92040.1	65702	67167.3	41192.6	62581.7	54517	36991	119918.7	96515.1	87588.6	96851.1	79570.4	44922.8	56628.2	54063.6	42746.9	74349.8	52926.8	90729.3	63685.8	63886.8	92162.9	59945.9	91007.5	60869.5	61711.1	55124.8	73183.7	46576.8	89520.8	53288.6	54450.2	108800.8	80522.7	56092.7	89297.5	84953	75636.8	54762.6	54715.8	87431.8	79306.8	43844.7	86986.4	53673.9	81633.6	92615.8	69918.2	78328.4	54292.2	67729.7	54655.6	24511.3	50646	84330.2	88819.9	53529	49971	32571.5
7	54455.5	193123.9	121468.1	36821.5	116525.2	59476.8	0	148506.5	18413.4	15893.5	31154.1	94885.8	17232.5	133256.7	111680.8	89917.9	48075.1	109587.7	20055.8	43538.4	155820.3	42018.1	55037.1	143890	100929.2	15001.5	102673.4	19602.4	77336.3	36537.2	16414.6	50320.8	106243.7	72657.8	139201.8	25884	31554.6	1108.7	35838.4	20663.6	109085.3	86906.5	51708.2	16922.1	19873.9	144702.4	128851.8	22030.8	136336.4	52438.2	26079.4	21175.1	21388.4	49619.2	24809.8	16475	32489.4	18717.7	93034	54803.2	29094.5	53535.7	25982.3	33667.8	90414.6	83534.9	20722.9	63139.1	59758.1	7126	28747.8	69023.6
8	123107.6	283250.4	61455.6	124418.1	67013.2	100631	149161.2	0	133361.1	133780.9	140636.4	56943.7	163012.1	52367.9	43372.1	98702.8	110008.8	40908.9	133995.7	109095.1	81579	172846	147207.4	6528.6	104242.1	138264.3	53011.6	133542.3	79513	149770.2	133587.7	166149.7	53777.8	111585.9	12689.1	135658.3	177932.6	150209.3	131734	134603.5	63033.4	68884	164941.2	132767.3	133928.9	72457.4	20861.6	135571.4	18072.8	147827	175180	134241.3	134194.5	162852.2	161695.1	138650.3	169374.7	133152.6	113497.9	166872.2	170179.6	137613.7	154553.6	143150.1	66882.8	76354.5	132723	142095.4	146585.1	142868.8	128305.3	80254.8
9	36870.6	196524.6	105717.5	32707.2	100774.6	53381.1	18533.7	132755.9	0	3153.4	13569.2	79135.2	35705.6	117506.1	95930.2	72333	31400	93837.1	2470.9	27787.8	140069.7	45778.8	39970.7	128139.4	83344.3	10887.2	86922.8	2017.5	61585.7	22703	4598.1	39082.5	90493.1	55072.9	123451.2	8299.1	46063.5	19581.8	18253.5	3078.7	93334.7	71155.9	37874	2139.8	2289	128951.8	113101.2	4445.9	120585.8	37335.1	44552.5	3590.2	3803.5	35785	29826	12360.7	37505.6	1132.8	75449.1	40969	47567.6	35950.8	40734.9	16082.9	74664	72108	12274	47027.2	44691.7	12241.3	11162.9	53273
10	39138.2	193919.3	106150.8	30101.9	101207.9	52757.2	15928.4	133189.2	3096.1	0	15836.8	79568.5	33100.3	117939.4	96363.5	74600.6	32757.8	94270.4	4738.5	28221.1	140503	48046.4	42238.3	128572.7	85611.9	8281.9	87356.1	4285.1	62019	24970.6	1714.9	41350.1	90926.4	57340.5	123884.5	10566.7	47610.1	16976.5	20521.1	5346.3	93768	71589.2	40141.6	1583.5	4556.6	129385.1	113534.5	6713.5	121019.1	39602.7	41947.2	5857.8	6071.1	38052.6	31372.6	9755.4	39052.2	3400.4	77716.7	43236.6	44962.3	38218.4	38129.6	18350.5	75097.3	72541.3	9390.8	49294.8	46959.3	9636	13430.5	53706.3
11	33383.5	209239.2	108956.2	45421.8	100975.3	64672.3	31248.3	140255.5	13543	15868	0	86634.8	48420.2	120744.8	100997.6	68172.9	33151.5	101336.7	11903.3	35523.6	138910.5	32601.8	27169.4	135639	79184.2	23601.8	92592.3	12075.8	65732.1	9526	17312.7	25905.5	93731.8	50912.8	130950.8	9129.2	50568.9	32296.4	19565.1	11198.2	96573.4	78655.5	24697	14854.4	12306.3	127792.6	120600.8	9614.4	127986.1	24533.8	57267.1	10344.5	10809	22608	31576.4	25075.3	39256	12931.5	71289	27792	60282.2	23905.4	53449.5	2905.9	77902.7	81851.6	24692.1	34506	31890.4	24955.9	19799.7	60772.6
12	74104.1	228923.1	41669.4	70090.8	37708.5	46303.7	95524.9	56892	79724.8	80144.6	87000.1	0	108684.8	47544.6	21126.4	52221	56372.5	18086.2	80359.4	55458.8	76021.6	119209.7	98203.9	52275.5	61111.6	84628	12132.7	79906	28241.1	96133.9	79951.4	112513.4	19190.3	62687	47587.3	82022	124296.3	96573	78097.7	80967.2	29286.6	15982.1	111304.9	79131	80292.6	64903.7	37237.3	81935.1	44721.9	98823.5	121543.7	80605	80558.2	109215.9	108058.8	85014	115738.4	79516.3	67807.6	114399.9	115852.3	88610.2	100226.3	89513.8	17983.9	22027.2	79086.7	93196.5	97686.2	89232.5	74669	26618.5
13	71680.6	176655.4	138693.2	41267.2	133750.3	62490.7	17394.1	162214.9	35638.5	33118.6	48379.2	108123.3	0	150481.8	127739.5	107143	65300.2	124619.2	37280.9	60763.5	173045.4	54036.6	72262.2	158888.6	118154.3	32226.6	118665.7	36827.5	94561.4	53762.3	33639.7	65043.9	123468.8	89882.9	154200.4	43109.1	28963.7	17163.2	53063.5	37888.7	126310.4	104131.6	67439.8	34147.2	37099	161927.5	142560.2	39255.9	151335	69663.3	13593	38400.2	38613.5	65350.8	39532.9	33700.1	45582.9	35942.8	110259.1	70534.8	12291.5	70760.8	9513.8	50892.9	107639.7	86548.8	37948	80364.2	76983.2	24351.1	45972.9	86248.7
14	88955.8	274736.1	13318.8	115382	20992.3	92116.7	133736.6	51619.2	117936.5	118356.3	120990.2	47375.8	150908.5	0	30185.6	55004.2	89173.8	42629.2	117682	91223	33332.3	142021	111894.8	46636.6	56129.4	122839.7	36024.9	117854.5	56037.9	121423.5	118163.1	135156.2	28765.7	72990.5	40322	116012.1	162508	134784.7	107458.1	116976.9	26474.7	53264.8	132672	117342.7	118085	24210.7	47652.5	116448.7	34799	113800.4	159755.4	116294.4	116511.3	129924.6	146270.5	123225.7	151960.5	117728	65828	128872.3	161665.3	103461.9	146039.3	120779.2	43013.9	67840.2	117298.4	102885	107374.7	127444.2	108659.1	66574.8
15	80045.7	248312.3	31721.7	89480	30940.8	65692.9	112347.3	43154.5	96547.2	96967	101403.4	20934.1	128074	30270.5	0	57789.8	69587	12668.2	97181.8	71636.2	62706.5	133110.9	104145.5	37659.4	65012.6	101450.4	9949.7	96728.4	36451.1	110537.2	96773.8	126414.6	11103.6	68524	32228.4	96425.3	141118.7	113395.4	92501	97390.1	22518.9	28176.8	124690.9	95953.4	97115	53584.9	23641	96861.9	27395.7	104765.1	138366.1	96707.6	96924.5	121272.3	124881.2	101836.4	132560.8	96338.7	72584.9	123810.3	135241.5	94551.8	119615.5	103917.1	23820.9	41416.4	95909.1	99033.5	103523.2	106054.9	89072.3	43440.9
16	36149.2	249810.9	43597.7	74745.3	35636.5	67293.2	90144.9	98521.1	72439.6	74764.6	69256.1	52039.2	107316.8	54656.8	57680.9	0	43773.3	65462.8	70799.9	47531.1	71155.5	89214.4	57924.8	93288.6	12961.2	79842.5	49483.8	70972.4	28792.3	68616.9	75165.9	81186.2	46837.4	18655.3	87213.2	69130	113295.6	91193	54651.5	70094.8	37057.6	41552.1	78702	73751	71202.9	60037.6	80636.9	69566.6	81911.4	59830.4	116163.7	69412.3	69629.2	75954.6	94303.1	80228.5	99153.9	71828.1	16045.2	74902.3	119178.8	49866	106264.2	67972.6	34871.8	53449.6	74301.2	48915	53404.7	83852.5	63618.9	36539.4
17	23447.8	210511.6	77155.8	32261.9	71875.6	41204.6	48256	109452.1	31431.6	32875.7	33100.1	55831.4	65427.9	88944.4	69197.2	43422.1	0	70533.3	29791.9	5047.7	111508	65309.7	47876.3	104835.6	55447.8	37359.1	60791.9	29964.4	33931.7	42233.9	32682.5	58613.4	61931.4	30081	100147.4	28122	75601.5	49304.1	24197.7	29086.8	64773	47852.1	57404.9	31862.1	30194.9	100390.1	89797.4	28558.6	96185.7	47439.6	74274.8	28404.3	28621.2	55315.9	58904	37745.1	66583.6	30820.1	50417.2	60499.9	77289.9	38282.6	63780.8	35613.8	46102.3	51048.2	31817.8	44284.4	48774.1	41963.6	20769	29969.2
18	87778.3	245039.2	41349.3	86206.9	40568.4	62419.8	110323.5	40628	94523.4	94943.2	101798.7	18222.3	124800.9	42618	12660.7	65790.6	71171.1	0	95158	70257.4	75054	134008.3	111878.1	38694.5	73737.7	99426.6	16848	94704.6	41868.2	110932.5	94750	127312	20731.2	76256.6	37114.7	96820.6	139094.9	111371.6	92896.3	95765.8	32146.5	30046.3	126103.5	93929.6	95091.2	64583.6	20973.3	96733.7	34249.3	112497.7	136342.3	95403.6	95356.8	124014.5	122857.4	99812.6	130537	94314.9	81310	129198.5	131968.4	102284.4	116342.4	104312.4	31553.5	38143.3	93885.3	106766.1	111255.8	104031.1	89467.6	41417.1
19	35248.4	198143.9	106022.4	34326.5	100742.2	53922.9	20153	133297.7	2447.7	4772.7	11947	79677	37324.9	117811	96472	70710.8	30217.7	94378.9	0	28329.6	140374.6	44156.6	38348.5	128681.2	81722.1	12506.5	87464.6	980.5	62127.5	21080.8	6217.4	37460.3	90798	53450.7	123993	6676.9	46617.6	21201.1	16631.3	1324.3	93639.6	71697.7	36251.8	3759.1	1195	129256.7	113643	2823.7	121127.6	35712.9	46171.8	1968	2181.3	34162.8	30380.1	13980	38059.7	1836.2	73826.9	39346.8	49186.9	34328.6	42354.2	14460.7	74968.9	72649.8	13942.7	45405	43069.5	13860.6	10576.9	53814.8
20	27190.8	206145.3	79196.4	27895.6	73916.2	36838.3	43594.4	108618.7	27794.3	28214.1	35363.3	54998	60766.3	90985	71237.8	47165.1	4889.8	69699.9	28428.9	0	113548.6	67572.9	51619.3	104002.2	59190.8	32697.5	62220.4	27975.5	35972.3	44497.1	28020.9	60876.6	63972	33824	99314	30385.2	72365.8	44642.5	26460.9	29036.7	66813.6	47018.7	59668.1	27200.5	28362.1	102430.7	88964	30004.6	96448.6	49702.8	69613.2	28674.5	28627.7	57579.1	56128.3	33083.5	63807.9	27585.8	54160.2	62763.1	72628.3	42025.6	59414.5	37877	48142.9	50214.8	27156.2	48027.4	52517.1	37302	23032.2	29135.8
21	106352.1	302598.2	35523.5	137967.8	42326.5	119978.8	156322.4	80795.2	140522.3	140942.1	139459	75946.8	173494.3	33225.8	62582.1	70665.7	111759.6	75025.7	140267.8	113808.8	0	159417.3	124979.9	75812.6	64233	145425.5	64883.7	140440.3	78623.7	138819.8	140748.9	148241.3	58251	88652	69498	138597.9	183498.5	157370.5	124854.4	139562.7	48416.1	75850.6	145757.1	139928.5	140670.8	12082.7	77718.2	139034.5	63975	126885.5	182341.2	138880.2	139097.1	143009.7	164506	145811.5	169356.8	140313.8	73931.6	141957.4	185112.7	119497.5	169486.7	138175.5	65599.7	95702.3	139884.2	115970.1	120459.8	150030	131244.9	89160.6
22	54202.6	219705.5	130478	73380	121794.4	96035.3	41658.4	172793.1	46080.6	48335.2	32930.5	119172.4	53920.6	141537.1	132912.7	88992	65689.1	133874.3	44440.9	68061.2	159729.6	0	36891.2	168176.6	98729	51560	124507.4	44613.4	98269.7	24886.3	48856.3	13918	125256.5	71731.9	163488.4	41666.8	29210.3	41763.9	51876.7	43735.8	120681.9	111193.1	16987.2	47392	44843.9	148611.7	153138.4	42152	159901.2	35634.6	44308.1	42882.1	43346.6	18029.1	17632.4	53033.5	10617.4	45469.1	87665.9	20790.1	54998	42528.5	62746.5	30098.2	109895.4	114389.2	56578.5	44993.2	41612.2	43388.1	52337.3	93310.2
23	24974.2	235820.1	100493.7	72002.7	92532.5	87574.4	55032.7	146620.6	40123.9	42448.9	28223.3	97834.4	72204.6	111552.8	103684.3	58013.9	47545.1	111258	38484.2	51417.5	125264.3	36535.5	0	141125.5	63047.8	50182.7	95279	38656.7	69945.8	19528.1	43893.6	24629.4	96028.1	41394.1	135505.5	34172.2	64206.8	56080.8	26120	37779.1	91453.5	84770.3	22816.4	41435.3	38887.2	114146.4	127107.1	36195.3	130672.8	3262.2	78565.7	36925.4	37389.9	19397.8	45214.3	51656.2	46475	39512.4	51984.7	21430.1	84066.6	10785.9	80030.4	25391	80667	94603.1	51273	9203.3	6380.3	48124.9	42774.6	74663.5
24	117452	279560.2	56348	120727.9	61601.1	96940.8	144399.5	6390.8	128599.4	129019.2	135874.7	52182	159321.9	47260.3	37716.5	93290.7	105247.1	38744.7	129234	104333.4	76471.4	168084.3	141551.8	0	98830	133502.6	47356	128780.6	73857.4	145008.5	128826	161388	48122.2	105930.3	7581.5	130896.6	173170.9	145447.6	126972.3	129841.8	57621.3	64122.3	160179.5	128005.6	129167.2	67349.8	18697.4	130809.7	12965.2	142171.4	170418.3	129479.6	129432.8	158090.5	156933.4	133888.6	164613	128390.9	108085.8	161216.6	166489.4	131958.1	150863.4	138388.4	61227.2	72664.3	127961.3	136439.8	140929.5	138107.1	123543.6	75493.1
25	46823.2	262232.4	45250.1	86850	38539.3	79714.7	100818.9	104081.9	83113.6	85438.6	79930.1	61162.9	117990.8	55799.4	64945.8	13014.7	55878	73865.1	81473.9	59635.8	64279.7	98089.3	62921.8	98849.4	0	91947.2	57696.7	81646.4	41252	79290.9	87270.6	86183.2	54102.3	28675.1	92774	79804	123969.6	101867	65325.5	80768.8	44322.5	54011.8	83699	84425	81876.9	53161.8	87901.8	80240.6	87472.2	64827.4	126837.7	80086.3	80303.2	80951.6	104977.1	92333.2	108028.8	82502.1	11873.5	79899.3	129852.8	59520.6	118368.9	78646.6	44479.2	65909.3	86405.9	53912	58401.7	94526.5	75723.6	48960.9
26	46802.3	185885.4	110724.3	21942.5	105781.4	44597.8	15056.2	137762.7	10760.2	8240.3	23500.9	84142	32228.1	122512.9	100937	79606.6	37331.3	98843.9	12402.6	32794.6	145076.5	51749.9	49902.4	133146.2	91632.3	0	91929.6	11949.2	66592.5	32634.7	8161.6	49014.2	95499.9	65004.6	128458	18230.8	46550.2	16104.3	28185.2	13010.4	98341.5	76162.7	47805.7	9268.9	12220.7	133958.6	118108	14377.6	125592.6	47266.8	41075	13521.9	13735.2	45716.7	34541.6	1596	42221.2	11064.5	85380.8	50900.7	44090.1	45882.5	30095.7	26014.6	79670.8	68655.9	6871.2	56958.9	54623.4	8763.8	21094.6	58279.8
27	71445.1	239310.1	30715.5	80477.8	26754.6	56690.7	103058.1	53004	87258	87677.8	92802.8	11949.8	119071.8	36183.5	10067.7	49457.4	60986.4	17020.3	87892.6	62023	65067.7	124510.3	95544.9	47508.9	57404.5	92161.2	0	87439.2	27850.5	101936.6	87484.6	117814	8236.4	59923.4	41888.9	87824.7	131829.5	104106.2	83900.4	88500.4	18332.7	18887.6	116090.3	86664.2	87825.8	53949.8	33490.5	88261.3	37056.2	96164.5	129076.9	88107	88091.4	112671.7	115592	92547.2	123271.6	87049.5	64976.8	115209.7	126239.3	85951.2	110613.3	95316.5	15220.3	32414.2	86619.9	90432.9	94922.6	96765.7	80471.7	34151.7
28	35387.4	197809	105924.3	33991.6	100881.2	53587.9	19818.1	132962.7	2113.9	4437.8	12086	79342	36990	117712.9	96137	70849.8	30356.7	94043.9	987.7	27994.6	140276.5	44295.6	38487.5	128346.2	81861.1	12171.6	87129.6	0	61792.5	21219.8	5882.5	37599.3	90699.9	53589.7	123658	6815.9	46127.5	20866.2	16770.3	1595.5	93541.5	71362.7	36390.8	3424.2	522.4	129158.6	113308	2962.7	120792.6	35851.9	45836.9	2107	2320.3	34301.8	29890	13645.1	37569.6	1501.2	73965.9	39485.8	48852	34467.6	42019.3	14599.7	74870.8	72314.8	13607.7	45544	43208.5	13525.7	10715.9	53479.8
29	46189	225765.6	44349.1	59615.2	39539.3	43146.2	77969.8	79326.8	62169.7	62589.5	66024.1	28244.3	95141.7	56137.7	36390.5	28795.1	34207.7	41667.9	62715.9	36256.9	78701.3	98233.7	70288.8	73831.7	41185.3	67072.9	27985.2	62350.9	0	75157.9	62396.3	91537.4	29124.7	38148.1	68211.7	61046	106741.2	79017.9	57121.7	62010.8	31966.3	15219.1	90328.9	61575.9	62737.5	67583.4	59813.3	61482.6	63379	70908.4	103988.6	61328.3	61545.2	87415.6	90503.7	67458.9	98183.3	61961.2	44820	89953.6	106760.1	60695.1	91134.1	68537.8	13295.6	25051.9	61531.6	65871.9	70361.6	71677.4	53693	10808
30	33675	218647.6	109950.4	54830.2	101266.8	74080.7	36610.7	149663.9	22951.4	25276.4	9801.3	96043.2	53782.6	121009.5	110406	68464.4	42559.9	110745.1	21311.7	44932	139202	24721.7	19540.5	145047.4	79475.7	33010.2	102000.7	21484.2	75140.5	0	26721.1	18025.4	103140.2	51204.3	140359.2	18537.6	46050.6	37658.8	28973.5	20606.6	100154.3	88063.9	16816.9	24262.8	21714.7	128084.1	130009.2	19022.8	137394.5	16941.6	60409.5	19752.9	20217.4	14727.9	27058.1	34483.7	33349.8	22339.9	70315.2	19911.9	65644.6	22000.9	62532.4	6969	87311.1	91260	34100.5	27642.5	24261.5	29702.9	29208.1	70181
31	40600.7	193943.4	106500.1	30126	101557.2	52781.3	16446.5	133538.5	4558.6	1697	17299.3	79917.8	33618.4	118288.7	96712.8	75382.4	33107.1	94619.7	6201	28570.4	140852.3	49099	43700.8	128922	87408.1	8306	87705.4	5747.6	62368.3	26433.1	0	42812.6	91275.7	58803	124233.8	12029.2	48128.2	17494.6	21983.6	6808.8	94117.3	71938.5	41604.1	3067.3	6019.1	129734.4	113883.8	8176	121368.4	41065.2	42465.3	7320.3	7533.6	39515.1	31890.7	9779.5	39570.3	4862.9	79179.2	44699.1	45480.4	39680.9	38153.7	19813	75446.6	71404.9	7841.9	50757.3	48421.8	10154.1	14893	54055.6
32	47713.7	232484.7	124042.6	71470.5	115305.5	90721	50157.5	166304.2	39591.7	41916.7	26441.6	112683.5	64804.3	135101.7	126423.8	81562.8	59200.2	127385.4	37952	61572.3	148813.2	13710.2	24758.9	161687.7	86596.7	49650.5	118018.5	38124.5	91780.8	18397.4	43361.4	0	118767.6	64807.5	156999.5	35177.9	41989.5	50263	45387.8	37246.9	114193	104704.2	3668.6	40903.1	38355	137695.3	146649.5	35663.1	153412.3	23502.3	57087.3	36393.2	36857.7	6011.9	28997.1	51124	23649.7	38980.2	75533.6	7617.4	67777.2	33319	73554.1	23609.3	103406.5	107900.3	50740.8	32860.9	29479.9	46343.2	45848.4	86821.3
33	72368.8	246497	24044	87664.7	20083.1	63877.6	106866.7	53566.5	91066.6	91486.4	94120.3	19136.7	124038.6	28945.6	11097	46932.1	62303.9	20753.2	90812.1	64353.1	58396.2	125434	96468.6	48071.4	54154.9	95969.8	8073.6	90984.6	29168	103254.1	91293.2	118737.7	0	60847.1	42192.3	89142.2	135638.1	107914.8	85217.9	90107	11661.2	25409.3	117014	90472.8	91215.1	47278.3	34053	89578.8	37359.6	97088.2	132885.5	89424.5	89641.4	113595.4	119400.6	96355.8	127080.2	90858.1	61727.2	116133.4	133426.2	86874.9	117800.2	96634	16144	39601.1	90428.5	91356.6	95846.3	100574.3	81789.2	39704.9
34	18696.4	239551	61521	61301.3	53559.8	63939.5	72692.1	111237.4	54986.8	57311.8	51803.3	62451.2	89864	72580.1	68301.1	18721.8	30214.7	75874.8	53347.1	34087.1	89078.8	71761.6	41218.4	105742.3	28716.8	65045.6	59895.8	53519.6	37899.9	51164.1	58756.5	64479.8	60644.9	0	100122.3	51677.2	95842.8	73740.2	37198.7	52642	53604.9	51964.1	61995.6	56298.2	53750.1	77960.9	91723.9	52113.8	95289.6	43124	98710.9	51959.5	52176.4	59248.2	76850.3	66784.5	81701.1	54375.3	20915.3	58195.9	101726	32404	92820.2	50519.8	45283.8	62557.2	60857.2	32208.6	36698.3	66399.7	50060.3	44285.3
35	111549.8	274822.1	49658.4	115989.8	55319.8	92202.7	139661.4	12383.9	123861.3	124281.1	131136.6	47443.9	154583.8	40570.7	31887.1	87009.4	100509	37105.2	124495.9	99595.3	69781.8	163346.2	135649.6	7401.3	92548.7	128764.5	41453.8	124042.5	67955.2	140270.4	124087.9	156649.9	41977.9	100028.1	0	126158.5	168432.8	140709.5	122234.2	125103.7	51340	59384.2	155441.4	123267.5	124429.1	60660.2	19082.2	126071.6	6275.6	136269.2	165680.2	124741.5	124694.7	153352.4	152195.3	129150.5	159874.9	123652.8	101804.5	155314.4	161751.3	126055.9	146125.3	133650.3	55325	67926.2	123223.2	130537.6	135027.3	133369	118805.5	70755
36	33178.2	203862.5	103952.2	40045.1	98672	59295.6	25871.6	135251.5	8166.3	10491.3	9085.8	81630.8	43043.5	115740.8	95993.6	68640.6	28147.5	96332.7	6526.6	30519.6	138304.4	41295.4	34048.6	130635	79651.9	18225.1	87588.3	6699.1	60728.1	18219.6	11936	34599.1	88727.8	51380.5	125946.8	0	52336.2	26919.7	14561.1	5821.5	91569.4	73651.5	33390.6	9477.7	6929.6	127186.5	115596.8	4237.7	122982.1	31413	51890.4	4967.8	5350.4	31301.6	34682.1	19698.6	42361.7	7554.8	71756.7	36485.6	54905.5	30784.6	48072.8	11599.5	72898.7	76847.6	19315.4	41385.2	38769.6	19579.2	12309.4	55768.6
37	78248.5	191035.5	151266.1	68345.3	145840.3	90792.8	31692.8	178304.5	47027.9	47417.3	50340.7	124683.8	28990	163054.7	141478.8	113037.9	77793.7	139385.7	47606.4	73336.4	183775.5	29193.5	64114	173688	124049.2	46525.3	132471.4	47029.3	107134.3	46042.6	47938.4	42109.3	136041.7	95777.8	168999.8	53591.3	0	31461.9	64207.3	48214.2	138883.3	116704.5	45178.5	48445.9	47051.6	172657.6	158649.8	49581.4	166134.4	61515.1	15638.1	48725.7	48939	46220.4	20028.5	47998.8	20739.8	46453.6	114888.7	48981.4	26328	66574.4	37815.9	51134.9	120212.6	114850.9	52246.7	72216	68835	38649.8	56294	98821.6
38	55469.6	192926.9	122482.2	37835.6	117539.3	60490.9	1183.1	149520.6	19427.5	16907.6	32168.2	95899.9	17035.5	134270.8	112694.9	90932	49089.2	110601.8	21069.9	44552.5	156834.4	42125.2	56051.2	144904.1	101943.3	16015.6	103687.5	20616.5	78350.4	37551.3	17428.7	50427.9	107257.8	73671.9	140215.9	26898.1	31357.6	0	36852.5	21677.7	110099.4	87920.6	52722.3	17936.2	20888	145716.5	129865.9	23044.9	137350.5	53452.3	25882.4	22189.2	22402.5	50633.3	24916.9	17489.1	32596.5	19731.8	94048.1	55817.3	28897.5	54549.8	25785.3	34681.9	91428.7	84549	21737	64153.2	60772.2	8140.1	29761.9	70037.7
39	18729.7	213603.5	95678.1	47668.9	86994.5	61394.3	35612.6	131325.5	17907.3	20232.3	19575.8	77704.8	52784.5	106737.2	92067.6	54192.1	24221.5	92406.7	16267.6	26593.6	124929.7	51785.4	25990.1	126709	65203.4	27966.1	83662.3	16440.1	56802.1	28709.6	21677	45089.1	84801.8	36932	122020.8	14597.7	62077.2	36660.7	0	15562.5	85882	69725.5	43880.6	19218.7	16670.6	113811.8	111670.8	15034.3	119056.1	23354.5	61631.4	14880	15096.9	41061.5	45379.7	29439.6	53059.3	17295.8	57308.2	43599.5	64646.5	17809.9	57813.8	22089.5	68972.7	72921.6	29056.4	28886.3	30711.1	29320.2	16773.8	51842.6
40	34507.3	198735.3	105281.3	34917.9	100001.1	54514.3	20744.4	133889.1	3039.1	5364.1	11205.9	80268.4	37916.3	117069.9	97063.4	69969.7	29476.6	94970.3	1313.7	28921	139633.5	43415.5	37607.4	129272.6	80981	13097.9	88056	1571.9	62057.2	20339.7	6808.8	36719.2	90056.9	52709.6	124584.4	5935.8	47209	21792.5	15890.2	0	92898.5	72289.1	35510.7	4350.5	1802.4	128515.6	114234.4	2082.6	121719	34971.8	46763.2	1226.9	1440.2	33421.7	30971.5	14571.4	38651.1	2427.6	73085.8	38605.7	49778.3	33587.5	42945.6	13719.6	74227.8	73241.2	14534.1	44663.9	42328.4	14452	9835.8	54406.2
41	67622.8	255983.1	14129.4	91352.7	9081	73363.7	109707.3	62925.6	93907.2	94327	96960.9	29331.7	126879.2	26231.8	22479.4	37093.1	65144.5	32135.6	93652.7	67193.7	48481.6	120688	91722.6	57693.1	44315.9	98810.4	18268.6	93825.2	32008.6	100090.5	94133.8	113991.7	11635.9	53639.5	51617.7	91982.8	138478.7	110755.4	86125.1	92947.6	0	29235.5	112268	93313.4	94055.7	37363.7	45435.4	92419.4	46315.9	92342.2	135726.1	92265.1	92482	108849.4	122241.2	99196.4	129920.8	93698.7	51888.2	111182	138497.6	82128.9	122871.6	99474.6	18984.6	49087.2	93269.1	85194.7	89684.4	103414.9	84629.8	42545.5
42	61075.6	229478.3	41518.3	66305.4	37021.5	46858.9	87604.5	68719.6	71804.4	72224.2	79079.7	15801.2	104776.4	53306.9	28065.2	41620.8	48017	29800.8	72439	47538.4	75870.5	111289.3	85175.4	64103.1	54011	76707.6	19057.8	71985.6	15212.6	88213.5	72031	104593	25398.6	52086.8	59414.9	74101.6	116375.9	88652.6	70177.3	73046.8	29135.5	0	103384.5	71210.6	72372.2	64752.6	49064.9	74014.7	55053.7	85795	113623.3	72684.6	72637.8	101295.5	100138.4	77093.6	107818	71595.9	57207.4	104840.2	113450.3	75581.7	97824.3	81593.4	10458.3	22899.5	71166.3	80758.5	85248.2	81312.1	66748.6	18698.1
43	45700.1	234203.7	121791.2	70386.3	113830	89636.8	52166.8	165220	38507.5	40832.5	25357.4	111599.3	67475.1	132850.3	124410.2	79311.4	58116	126301.2	36867.8	60488.1	146561.8	16893.2	22951.7	160603.5	84345.3	48566.3	116004.9	37040.3	90696.6	17313.2	42277.2	3742.4	116754	62556.1	155915.3	34093.7	45172.5	53214.9	44303.6	36162.7	112179.4	103620	0	39818.9	37270.8	135443.9	145565.3	34578.9	151398.7	21695.1	60270.3	35309	35773.5	4294.8	31667.9	50039.8	26832.7	37896	73282.2	4166	70960.2	31511.8	76224.9	22525.1	101392.9	106816.1	49656.6	31053.7	27228.5	45259	44764.2	85737.1
44	38114.6	194985.3	105127.2	31167.9	100184.3	52790.8	16994.4	132165.6	2072.5	1614.1	14813.2	78544.9	34166.3	116915.8	95339.9	73577	31734.2	93246.8	3714.9	27197.5	139479.4	47022.8	41214.7	127549.1	84588.3	9347.9	86332.5	3261.5	60995.4	23947	3058.8	40326.5	89902.8	56316.9	122860.9	9543.1	47307.5	18042.5	19497.5	4322.7	92744.4	70565.6	39118	0	3533	128361.5	112510.9	5689.9	119995.5	38579.1	43013.2	4834.2	5047.5	37029	31070	10821.4	38749.6	2376.8	76693.1	42213	46028.3	37194.8	39195.6	17326.9	74073.7	71517.7	10734.7	48271.2	45935.7	10702	12406.9	52682.7
45	35534.1	197934.3	106308.1	34116.9	101027.9	53815.5	19943.4	133190.3	2239.2	4563.1	12232.7	79569.6	37115.3	118096.7	96364.6	70996.5	30503.4	94271.5	1134.4	28222.2	140660.3	44442.3	38634.2	128573.8	82007.8	12296.9	87357.2	516.9	62020.1	21366.5	6007.8	37746	91083.7	53736.4	123885.6	6962.6	46067	20991.5	16917	1742.2	93925.3	71590.3	36537.5	3549.5	0	129542.4	113535.6	3109.4	121020.2	35998.6	45962.2	2253.7	2467	34448.5	29829.5	13770.4	37509.1	1682.9	74112.6	39632.5	48977.3	34614.3	42144.6	14746.4	75254.6	72542.4	13683.7	45690.7	43355.2	13651	10862.6	53707.4
46	95189.8	291435.9	24361.2	126805.5	31164.2	108816.5	145160.1	71587.6	129360	129779.8	128296.7	64784.5	162332	24018.2	53374.5	59503.4	100597.3	64402.3	129105.5	102646.5	12098.5	148255	113817.6	66605	53070.7	134263.2	53721.4	129278	67461.4	127657.5	129586.6	137079	47088.7	77489.7	60290.4	127435.6	172336.2	146208.2	113692.1	128400.4	37253.8	64688.3	134594.8	128766.2	129508.5	0	68510.6	127872.2	54767.4	115723.2	171178.9	127717.9	127934.8	131847.4	153343.7	134649.2	158194.5	129151.5	62769.3	130795.1	173950.4	108335.2	158324.4	127013.2	54437.4	84540	128721.9	104807.8	109297.5	138867.7	120082.6	77998.3
47	103441.2	263455.2	54729.5	104622.9	53948.6	80835.8	129366	20656.9	113565.9	113985.7	120841.2	37148.5	143216.9	47580.3	23705.7	80797.6	90213.6	21113.7	114200.5	89299.9	78176.6	153050.8	127541	18723.4	88020.4	118469.1	33345.2	113747.1	59846.6	129975	113792.5	146354.5	34111.4	91919.5	19064.7	115863.1	158137.4	130414.1	111938.8	114808.3	45526.7	49088.8	145146	112972.1	114133.7	69055	0	115776.2	18720.1	128160.6	155384.8	114446.1	114399.3	143057	141899.9	118855.1	149579.5	113357.4	95592.7	147205.8	150384.4	117947.3	134758.4	123354.9	47216.4	56559.3	112927.8	122429	126918.7	123073.6	108510.1	60459.6
48	33881.2	200109.2	104655.2	36291.8	99375	55542.3	22118.3	134917.1	4413	6738	9532.8	81296.4	39290.2	116443.8	96696.6	69343.6	28850.5	95998.3	2773.3	29949	139007.4	41742.4	35934.3	130300.6	80354.9	14471.8	88291.3	2945.8	61431.1	18666.6	8182.7	35046.1	89430.8	52083.5	125612.4	4262.7	48582.9	23166.4	15264.1	2068.2	92272.4	73317.1	33837.6	5724.4	3176.3	127889.5	115262.4	0	122747	33298.7	48137.1	1214.5	1679	31748.6	32345.4	15945.3	40025	3801.5	72459.7	36932.6	51152.2	32670.3	44319.5	12046.5	73601.7	74269.2	15562.1	43270.9	40655.3	15825.9	10507.6	55434.2
49	107025.4	272059.6	44360.4	113227.3	50268.6	89440.2	136898.9	17795.5	121098.8	121518.6	128374.1	44681.4	151821.3	35272.7	27362.7	81958.2	96566.7	34342.7	121733.4	96832.8	64483.8	160090.6	131125.2	12812.9	87497.5	126002	36929.4	121280	63430.8	137507.9	121325.4	153394.3	37453.5	95503.7	6498.3	123396	165670.3	137947	119471.7	122341.2	46288.8	55156.5	151670.6	120505	121666.6	55362.2	18785.7	123309.1	0	131744.8	162917.7	121979	121932.2	148252	149432.8	126388	157112.4	120890.3	96753.3	150790	158988.8	121531.5	143362.8	130887.8	50800.6	65163.7	120460.7	126013.2	130502.9	130606.5	116043	67992.5
50	25867.9	233242.1	102520.3	69424.7	93459.7	84817.1	52454.7	147514.3	37545.9	39870.9	25645.3	98728.1	69626.6	113579.4	104578	60040.5	47644.3	112151.7	35906.2	50016.4	127290.9	35234	3236.6	142019.2	65074.4	47604.7	96172.7	36078.7	70839.5	16950.1	41315.6	23327.9	96921.8	42445.1	136399.2	31594.2	61628.8	53502.8	23542	35201.1	92347.2	85664	21514.9	38857.3	36309.2	116173	128000.8	33617.3	131566.5	0	75987.7	34347.4	34811.9	18096.3	42636.3	49078.2	45173.5	36934.4	54011.3	20634.3	81488.6	11210	77452.4	22813	81560.7	95496.8	48695	11338.6	7957.6	45546.9	40196.6	75265.4
51	80570.8	175724.1	147583.4	54257.9	142640.5	75481.4	26284.3	174621.8	44528.7	42008.8	57269.4	121001.1	13678.6	159372	137796.1	116033.2	74190.4	135703	46171.1	69653.7	181935.6	44441.2	78532.4	170005.3	127044.5	41116.8	128788.7	45717.7	103451.6	60461	42529.9	57357	132359	98773.1	165317.1	51999.3	15716.7	26053.4	61953.7	46778.9	135200.6	113021.8	60426.2	43037.4	45989.2	170817.7	154967.1	48146.1	162451.7	75933.5	0	47290.4	47503.7	61468.1	34446.9	42590.3	35987.5	44833	119149.3	64229.1	11016.6	79651	22504.5	59783.1	116529.9	99539.5	46838.2	86634.4	83253.4	33241.3	54863.1	95138.9
52	33647.3	199247	104421.3	35429.6	99141.1	54249.4	21256.1	133624.2	3550.8	5875.8	10345.9	80003.5	38428	116209.9	96462.7	69109.7	28616.6	94705.4	1911.1	28656.1	138773.5	42555.5	36747.4	129007.7	80121	13609.6	87791.1	2083.6	61197.2	19479.7	7320.5	35859.2	89196.9	51849.6	124319.5	5075.8	47720.7	22304.2	15030.2	1206	92038.5	72024.2	34650.7	4862.2	2314.1	127655.6	113969.5	1222.6	121454.1	34111.8	47274.9	0	435.2	32561.7	31483.2	15083.1	39162.8	2939.3	72225.8	37745.7	50290	32727.5	43457.3	12859.6	73367.8	72976.3	14269.2	43803.9	41468.4	14963.7	9376.8	54141.3
53	33967.3	199405	104741.3	35320.7	99461.1	54236.6	21414.1	133611.4	3708.8	6033.8	10775	79990.7	38586	116529.9	96782.7	69429.7	28936.6	94692.6	2069.1	28643.3	139093.5	42984.6	37176.5	128994.9	80441	13767.6	87778.3	2241.6	61517.2	19908.8	7478.5	36288.3	89516.9	52169.6	124306.7	5420.3	47878.7	22462.2	15350.2	1364	92358.5	72011.4	35079.8	5020.2	2472.1	127975.6	113956.7	1651.7	121441.3	34540.9	47432.9	457.3	0	32990.8	31641.2	15241.1	39320.8	3097.3	72545.8	38174.8	50448	33047.5	43615.3	13288.7	73687.8	72963.5	14256.4	44123.9	41897.5	15121.7	9364	54128.5
54	42087	231634.2	118622.3	67816.8	109678.8	87067.3	49597.3	162650.5	35938	38263	22787.9	109029.8	64905.6	129681.4	120797.1	76142.5	55546.5	123731.7	34298.3	57918.6	143392.9	17625.4	19338.6	158034	81176.4	45996.8	112391.8	34470.8	87058.6	14743.7	39707.7	5773.4	113140.9	59387.2	153345.8	31524.2	45904.7	50645.4	41190.7	33593.2	108566.3	101050.5	4110.7	37249.4	34701.3	132275	142995.8	32009.4	147785.6	18082	61002.5	32739.5	33204	0	29098.4	47470.3	27564.9	35326.5	70113.3	6721.5	71692.4	27898.7	73655.4	19955.6	97779.8	104246.6	47087.1	27440.6	24059.6	42689.5	42194.7	83167.6
55	59447.8	210104.8	134031.2	56434.7	127039.6	79090	24713.1	161069.6	29793	31389.9	31540	107448.9	39359.9	145819.8	124243.9	94237.2	58993	122150.8	30371.5	56101.5	164974.8	17860	45313.3	156453.1	105248.5	34614.7	115236.5	29794.4	89899.4	27241.9	31911	29123.7	118806.8	76977.1	151764.9	34790.6	20348.5	24818.6	45406.6	30979.3	121648.4	99469.6	31519.6	31103.3	29816.7	153856.9	141414.9	32346.5	148899.5	42714.4	34707.4	31490.8	31704.1	29430.6	0	36088.2	8331.3	29218.7	96088	34614.6	45397.3	47773.7	48109.7	32334.2	102977.7	100421.7	39633.2	53415.3	50034.3	26442.8	39059.1	81586.7
56	48275.2	185062.6	111127.2	20802.1	106184.3	43457.4	16529.1	138165.6	12233.1	9713.2	24973.8	84544.9	33701	122915.8	101339.9	80009.5	37734.2	99246.8	13875.5	33197.5	145479.4	53222.8	51375.3	133549.1	92035.2	1630.5	92332.5	13422.1	66995.4	34107.6	9634.5	50487.1	95902.8	66668.4	128860.9	19703.7	48023.1	17577.2	29658.1	14483.3	98744.4	76565.6	49278.6	10741.8	13693.6	134361.5	118510.9	15850.5	125995.5	48739.7	42547.9	14994.8	15208.1	47189.6	36014.5	0	43694.1	12537.4	87004.6	52373.6	45563	47355.4	30139.8	27487.5	80073.7	67515.5	7274.1	58431.8	56096.3	10236.7	22567.5	58682.7
57	64296.3	211381.3	140571.7	63996	131888.1	86651.3	32274.4	168630.9	37354.3	38951.2	39101.3	115010.2	45596.4	151630.8	131805.2	99085.7	66554.3	129712.1	37932.8	63662.8	169823.3	10780.7	46975.5	164014.4	108813.3	42176	122797.8	37355.7	97460.7	33493.8	39472.3	24002.3	126368.1	81825.6	159326.2	42351.9	20886.1	32379.9	52967.9	38540.6	129209.7	107030.9	27071.5	38664.6	37378	158705.4	148976.2	39907.8	156460.8	45718.9	35983.9	39052.1	39265.4	28113.4	8248.4	43649.5	0	36780	97750.2	30874.4	46673.8	52622.2	54422.3	38586.1	110539	107983	47194.5	55077.5	51696.5	34004.1	46620.4	89148
58	36303.3	196761.7	105567.7	32944.3	100624.8	53231.3	18770.8	132606.1	1065.5	3390.5	13001.9	78985.4	35942.7	117356.3	95780.4	71765.7	30832.7	93687.3	1903.6	27638	139919.9	45211.5	39403.4	127989.6	82777	11124.3	86773	1450.2	61435.9	22135.7	4835.2	38515.2	90343.3	54505.6	123301.4	7731.8	45545.4	19818.9	17686.2	2511.4	93184.9	71006.1	37306.7	2376.9	1836.8	128802	112951.4	3878.6	120436	36767.8	44789.6	3022.9	3236.2	35217.7	29307.9	12597.8	36987.5	0	74881.8	40401.7	47804.7	35383.5	40972	15515.6	74514.2	71958.2	12511.1	46459.9	44124.4	12478.4	10595.6	53123.2
59	38986.7	259841.3	54973.6	81591.6	48262.8	81554.6	92982.4	113008.3	75277.1	77602.1	72093.6	67386.6	110154.3	65522.9	72168.1	15675.9	50505	81087.4	73637.4	54377.4	74003.2	86903.3	51735.8	107775.8	11786.7	85335.9	64919	73809.9	44415.4	69907.3	79046.8	74997.2	61324.6	20838.6	101700.4	71967.5	114586	94030.5	57489	72932.3	51544.8	56899.5	72513	76588.5	74040.4	62885.3	95124.1	72404.1	96398.6	53641.4	119001.2	72249.8	72466.7	69765.6	95593.5	87074.8	96842.8	74665.6	0	68713.3	122016.3	51049.3	113110.5	70810.1	50219.2	69072.7	81147.5	42726	47215.7	86690	70350.6	50800.8
60	45118.8	237160.6	118089.3	73343.2	110128.1	92593.7	55123.7	166765.2	41464.4	43789.4	28314.3	114556.2	70432	129148.4	123828.9	75609.5	61072.9	129258.1	39824.7	63445	142859.9	20746.8	21872.7	161270.1	80643.4	51523.2	115423.6	39997.2	90090.4	20270.1	45234.1	7596	116172.7	58854.2	155650.1	37050.6	49026.1	56171.8	44222.5	39119.6	111817	104914.9	4098.7	42775.8	40227.7	131742	147251.7	37535.8	150817.4	21113.8	64123.9	38265.9	38730.4	7018.9	34624.8	52996.7	30686.3	40852.9	69580.3	0	74813.8	30930.5	79181.8	25482	100811.6	109773	52613.5	30275.3	23526.6	48215.9	47721.1	88694
61	83589.6	165225.2	150947.4	48532.2	146004.5	69755.7	29303.1	169479.9	47547.5	45027.6	60288.2	115388.3	12257.5	161342.6	135004.5	119052	77209.2	131884.2	49189.9	72672.5	185299.6	55244.2	84171.2	166153.6	130063.3	44135.6	125930.7	48736.5	106815.6	65671.3	45548.7	68160	132988.3	101791.9	161465.4	55018.1	26519.7	29072.2	64972.5	49797.7	138564.6	113391.9	71229.2	46056.2	49008	174181.7	149825.2	51164.9	158600	81572.3	11149	50309.2	50522.5	72271.1	45249.9	45609.1	46790.5	47851.8	122168.1	75032.1	0	82669.8	16778.8	62801.9	119893.9	93813.8	49857	92273.2	88892.2	36260.1	57881.9	96640.2
62	15511.8	231281.3	91787.2	65346.7	83103.6	78112	53290.4	137158.2	35585.1	37910.1	24659.7	88372	70462.3	102846.3	94221.9	49839.5	38082.7	101795.6	33945.4	41955.1	119877.1	42423.4	11061	131663.1	59515.1	45643.9	85816.6	34117.9	60483.4	21825.9	39354.8	33419.4	86565.7	32305.5	126043.1	30772.7	66504.6	54338.5	17797	33240.3	81991.1	75307.9	31606.4	36896.5	34348.4	108759.2	117644.7	32795.8	121210.4	11828.2	79309.2	32557.8	32774.7	28187.8	47512.1	47117.4	52362.9	34973.6	50814.1	30725.8	82324.3	0	75491.6	23376.2	71204.6	85140.7	46734.2	11469.8	13393	46998	34451.6	65201.1
63	76715.3	172366	135161.6	32746.4	130218.7	53969.9	25783.4	153694.1	40673.2	38153.3	53413.9	99602.5	9555.9	145556.8	119218.7	105490	63214.7	116098.4	42315.6	59013.1	169513.8	62885.6	79815.4	150367.8	117515.7	30213.8	110144.9	41862.2	91029.8	62547.7	38074.6	73828.7	117202.5	92148.9	145679.6	48143.8	37812.7	25433.6	58098.2	42923.4	122778.8	97606.1	76224.6	39181.9	42133.7	158395.9	134039.4	44290.6	142814.2	77179.8	22442	43434.9	43648.2	74135.6	48317.7	30217.4	54431.9	40977.5	112485.1	79319.6	16723.4	75795.5	0	55927.6	104108.1	78028	36610.5	86871.9	84536.4	32834.4	51007.6	80854.4
64	32390	212028.7	108665.4	48211.3	99981.8	67461.8	34037.8	143045	16332.5	18657.5	3182.4	89424.3	51209.7	119724.5	103787.1	67179.4	35941	104126.2	14692.8	38313.1	137917	30054.2	25478.3	138428.5	78190.7	26391.3	95381.8	14865.3	68521.6	6978.4	20102.2	23357.9	96521.3	49919.3	133740.3	11918.7	51030.7	35085.9	22354.6	13987.7	98869.3	81445	22149.4	17643.9	15095.8	126799.1	123390.3	12403.9	130775.6	22879.4	60056.6	13134	13598.5	20060.4	32038.2	27864.8	38329.9	15721	70295.5	25244.4	63071.7	22911.9	56239	0	80692.2	84641.1	27481.6	33580.3	30199.3	27745.4	22589.2	63562.1
65	57013.7	237377.5	31331.2	72630.9	26895.1	54758.1	90985.5	66699.3	75185.4	75605.2	78239.1	17913.1	108157.4	43119.8	23763	35026	46422.7	31336.7	74930.9	48471.9	65683.4	110078.9	81113.5	61204.2	44406.8	80088.6	15357.7	75103.4	13286.8	87372.9	75412	103382.6	16106.8	45492	55584.2	73261	119756.9	92033.6	69336.7	74225.8	18948.4	10503.3	101658.9	74591.6	75333.9	54565.5	47185.8	73697.6	50751.5	81733.1	117004.3	73543.3	73760.2	98240.3	103519.4	80474.6	111199	74976.9	50612.6	100778.3	119775.8	71519.8	104149.8	80752.8	0	30798.7	74547.3	76001.5	80491.2	84693.1	65908	23823.7
66	70882.7	207293.9	61323.5	48461.6	57362.6	24674.5	84126.3	75934.4	72284.2	72704	81712.3	21842.8	87055.6	67797.1	41459	53488.8	51084.7	38338.7	72918.8	50171	95675.7	113921.9	94982.5	72608.1	65879	69227.7	32385.2	72465.4	25019.7	90846.1	71547.6	107225.6	39442.8	62841.8	67919.9	76734.2	115312.4	85174.4	72809.9	73526.6	48940.7	22809.1	106017.1	71690.4	72852	84557.8	56279.7	74494.5	65054.5	95602.1	99941.7	73164.4	73117.6	103928.1	100618.2	68149.6	108297.8	72075.7	69513.7	109112.1	94223.1	85388.8	78597.1	84226	30887.9	0	70492.5	90565.6	95055.3	77833.9	68372.8	22280.1
67	47896.2	191884.7	105735.8	27624.2	100792.9	50279.5	20871.8	132774.2	12458.7	9597.1	24594.8	79153.5	38043.7	117524.4	95948.5	74618.1	32342.8	93855.4	13895.8	27806.1	140088	56804.4	50996.3	128157.7	86643.8	6843.7	86941.1	13442.4	61604	33728.6	8044	50108.1	90511.4	61277	123469.5	19324.7	52365.8	21919.9	29279.1	14503.6	93353	71174.2	48899.6	10967.4	13829	128970.1	113119.5	15471.5	120604.1	48360.7	46890.6	14141.4	14094.6	46810.6	39756.4	7229.7	47436	13052.7	81613.2	51994.6	49905.7	46976.4	36468.6	27108.5	74682.3	70455.2	0	58052.8	55717.3	14579.4	16355.5	53291.3
68	21369.6	242272.6	91496.9	75027.1	83535.7	83969.8	63085	141713.4	46576.4	48901.4	35403.6	92927.2	80256.9	102556	98777.1	49017.1	43940.5	106350.8	44936.7	47812.9	116267.5	44590.7	9216	136218.3	54051	56635.2	90371.8	45109.2	65881.8	27580.4	50346.1	32684.6	91120.9	32261.8	130598.3	41516.6	72259.1	64133.1	28788.3	44231.6	85224.6	80706.3	30871.6	47887.8	45339.7	105149.6	122199.9	43539.7	125765.6	11314.5	86618	43549.1	43766	27453	53266.6	58108.7	54530.2	45964.9	42987.9	29693.8	92118.9	11448.8	86482.9	33443.3	75759.8	90539.1	57725.5	0	8808.3	56177.2	45442.9	70754.5
69	25934.6	240478.7	96061.9	76661.3	88100.7	88534.8	59691.3	146278.4	44782.5	47107.5	32881.9	97492.2	76863.2	107121	103342.1	53582.1	48505.5	110915.8	43142.8	52377.9	120832.5	41182.7	6321.6	140783.3	58616	54841.3	94936.8	43315.3	70446.8	24186.7	48552.2	29276.6	95685.9	36826.8	135163.3	38830.8	68865.4	60739.4	30778.6	42437.7	89789.6	85271.3	26792.4	46093.9	43545.8	109714.6	126764.9	40853.9	130330.6	7920.8	83224.3	41584	42048.5	24045	49872.9	56314.8	51122.2	44171	47552.9	22992.7	88725.2	13349.9	84689	30049.6	80324.8	95104.1	55931.6	9013	0	52783.5	47433.2	75319.5
70	48207.1	194390.5	115219.7	30573.1	110276.8	53228.4	7249	142258.1	12165	9645.1	24905.7	88637.4	24420.9	127008.3	105432.4	83669.5	41826.7	103339.3	13807.4	37290	149571.9	43551.2	48275.3	137641.6	94680.8	8753.1	96425	13354	71087.9	29775.4	10166.2	46154.9	99995.3	66409.4	132953.4	19635.6	38743	8297.1	29590	14415.2	102836.9	80658.1	44946.4	10673.7	13625.5	138454	122603.4	15782.4	130088	45676.4	33267.8	14926.7	15140	42857.4	26342.9	10226.6	34022.5	12469.3	86785.6	48041.4	36282.9	47287.3	33170.7	27419.4	84166.2	77286.5	14474.5	56377.3	52996.3	0	22499.4	62775.2
71	33975.3	206868.8	96155.1	31045.9	90874.9	49510.3	28877.9	127454.4	11172.6	13497.6	19333.4	73833.7	46049.8	107943.7	88196.5	62947.8	20350.4	88535.6	10544.1	22722.5	130507.3	51543	42445.5	122837.9	74973.5	21231.4	79791.2	10716.6	52931	28467.2	14942.3	44846.7	80930.7	49606.7	118149.7	12162	55341.1	29926	16568	9839	83772.3	65854.4	43638.2	12484	10947.1	119389.4	107799.7	10289.8	115185	39809.9	54896.7	9390.1	9343.3	41549.2	39103.6	22704.9	46783.2	10561.1	69942.9	46733.2	57911.8	34265.3	51079.1	21847.1	65101.6	68237.2	16517.7	45341.7	47166.5	22585.5	0	47971.5
72	51106.8	215592.4	54959.9	49442	50017	32973	69544.4	80116.1	53744.3	54164.1	61019.6	26495.4	86716.3	66748.5	43290.4	36856.4	30392	41197.3	54378.9	29478.3	89312.1	93229.2	75222	75499.6	49259.5	58647.5	34283	53925.5	10828.1	70153.4	53970.9	86532.9	39735.5	44650.8	70811.4	56041.5	98315.8	70592.5	52117.2	54986.7	42577.1	18516.1	85324.4	53150.5	54312.1	78194.2	60461.4	55954.6	67946	75359.1	95563.2	54624.5	54577.7	83235.4	82078.3	59033.5	89757.9	53535.8	51322.7	88419.4	96586.9	65628.3	80960.9	63533.3	23906.4	22271.7	53106.2	70805.1	75294.8	63252	48688.5	0
